zaxistype = depth_below_sea
size = 75
levels = 0.5  1.549597  2.6608  3.848621  5.131743  6.533243  8.081315  
         9.809882  11.7589  13.97415  16.5062  19.40845  22.73418  26.53308  
    	 30.84793  35.71255  41.15164  47.18291  53.82099  61.08225  68.98969  
    	 77.57717  86.89275  97.00116  107.9858  119.9503  133.02  147.3432  
    	 163.0931  180.4691  199.6984  221.0377  244.7739  271.2251  300.7404  
    	 333.6988  370.5065  411.5933  457.406  508.4012  565.0351  627.7513  
    	 696.9681  773.0642  856.3641  947.1255  1045.528  1151.665  1265.539  
    	 1387.062  1516.059  1652.277  1795.395  1945.037  2100.787  2262.201  
    	 2428.823  2600.198  2775.875  2955.423  3138.433  3324.524  3513.342  
    	 3704.565  3897.901  4093.088  4289.89  4488.1  4687.533  4888.028  
    	 5089.442  5291.651  5494.547  5698.036  5902.036 
